Addr        Tag    Set    H/M    Hit   Miss    Acc       MRate   CTag
10045         2      1   miss      0      1      1  1.00000000      
1008c         2      2   miss      0      2      2  1.00000000      
3004f         6      1   miss      0      3      3  1.00000000      2(1)
10044         2      1    hit      0      3      4  0.75000000      2(1),6(3)
10085         2      2    hit      1      3      5  0.60000000      2(2)
40456         8     11   miss      2      4      6  0.66666667      
100b1         2      2    hit      2      4      7  0.57142857      2(5)
30456         6     11   miss      3      5      8  0.62500000      8(6)
300b1         6      2   miss      3      6      9  0.66666667      2(7)
10078         2      1    hit      3      6     10  0.60000000      2(4),6(3)
30462         6     11    hit      4      6     11  0.54545455      6(8),8(6)
300ad         6      2    hit      5      6     12  0.50000000      2(7),6(9)
10055         2      1    hit      6      6     13  0.46153846      2(10),6(3)
40456         8     11    hit      7      6     14  0.42857143      6(11),8(6)
Andrew S. Clark
16 6 1 lru on ../memory-small.txt 
memory accesses: 14
hits: 8
misses: 6
miss ratio: 0.42857143
