Addr        Tag    Set    H/M    Hit   Miss    Acc       MRate   CTag
10045         4      1   miss      0      1      1  1.00000000      
1008c         4      2   miss      0      2      2  1.00000000      
3004f         c      1   miss      0      3      3  1.00000000      4(1)
10044         4      1    hit      0      3      4  0.75000000      4(1),c(3)
10085         4      2    hit      1      3      5  0.60000000      4(2)
40456        10     11   miss      2      4      6  0.66666667      
100b1         4      2    hit      2      4      7  0.57142857      4(2)
30456         c     11   miss      3      5      8  0.62500000      10(6)
300b1         c      2   miss      3      6      9  0.66666667      4(2)
10078         4      1    hit      3      6     10  0.60000000      4(1),c(3)
30462         c     11    hit      4      6     11  0.54545455      c(8),10(6)
300ad         c      2    hit      5      6     12  0.50000000      4(2),c(9)
10055         4      1    hit      6      6     13  0.46153846      4(1),c(3)
40456        10     11    hit      7      6     14  0.42857143      c(8),10(6)
Andrew S. Clark
16 6 2 fifo on ../memory-small.txt 
memory accesses: 14
hits: 8
misses: 6
miss ratio: 0.42857143
