Addr        Tag    Set    H/M    Hit   Miss    Acc       MRate   CTag
10045         8      1   miss      0      1      1  1.00000000      
1008c         8      2   miss      0      2      2  1.00000000      
3004f        18      1   miss      0      3      3  1.00000000      8(1)
10044         8      1    hit      0      3      4  0.75000000      8(1),18(3)
10085         8      2    hit      1      3      5  0.60000000      8(2)
40456        20     11   miss      2      4      6  0.66666667      
100b1         8      2    hit      2      4      7  0.57142857      8(5)
30456        18     11   miss      3      5      8  0.62500000      20(6)
300b1        18      2   miss      3      6      9  0.66666667      8(7)
10078         8      1    hit      3      6     10  0.60000000      8(4),18(3)
30462        18     11    hit      4      6     11  0.54545455      18(8),20(6)
300ad        18      2    hit      5      6     12  0.50000000      8(7),18(9)
10055         8      1    hit      6      6     13  0.46153846      8(10),18(3)
40456        20     11    hit      7      6     14  0.42857143      18(11),20(6)
Andrew S. Clark
16 6 3 lru on ../memory-small.txt 
memory accesses: 14
hits: 8
misses: 6
miss ratio: 0.42857143
