Addr        Tag    Set    H/M    Hit   Miss    Acc       MRate   CTag
10045         1      1   miss      0      1      1  1.00000000      
1008c         1      2   miss      0      2      2  1.00000000      
3004f         3      1   miss      0      3      3  1.00000000      1(1)
10044         1      1   miss      0      4      4  1.00000000      3(3)
10085         1      2    hit      1      4      5  0.80000000      1(2)
40456         4     11   miss      1      5      6  0.83333333      
100b1         1      2    hit      2      5      7  0.71428571      1(2)
30456         3     11   miss      2      6      8  0.75000000      4(6)
300b1         3      2   miss      2      7      9  0.77777778      1(2)
10078         1      1    hit      3      7     10  0.70000000      1(4)
30462         3     11    hit      4      7     11  0.63636364      3(8)
300ad         3      2    hit      5      7     12  0.58333333      3(9)
10055         1      1    hit      6      7     13  0.53846154      1(4)
40456         4     11   miss      6      8     14  0.57142857      3(8)
Andrew S. Clark
16 6 0 fifo on ../memory-small.txt 
memory accesses: 14
hits: 6
misses: 8
miss ratio: 0.57142857
