Addr        Tag    Set    H/M    Hit   Miss    Acc       MRate   CTag
10045       401      0   miss      0      1      1  1.00000000      401(1)
1008c       402      0   miss      0      2      2  1.00000000      401(1),402(2)
3004f       c01      0   miss      0      3      3  1.00000000      401(1),402(2),c01(3)
10044       401      0    hit      1      3      4  0.75000000      401(4),402(2),c01(3)
10085       402      0    hit      2      3      5  0.60000000      401(4),402(5),c01(3)
40456      1011      0   miss      2      4      6  0.66666667      401(4),402(5),c01(3),1011(6)
100b1       402      0    hit      3      4      7  0.57142857      401(4),402(7),c01(3),1011(6)
30456       c11      0   miss      3      5      8  0.62500000      401(4),402(7),c01(3),c11(8),1011(6)
300b1       c02      0   miss      3      6      9  0.66666667      401(4),402(7),c01(3),c02(9),c11(8),1011(6)
10078       401      0    hit      4      6     10  0.60000000      401(10),402(7),c01(3),c02(9),c11(8),1011(6)
30462       c11      0    hit      5      6     11  0.54545455      401(10),402(7),c01(3),c02(9),c11(11),1011(6)
300ad       c02      0    hit      6      6     12  0.50000000      401(10),402(7),c01(3),c02(12),c11(11),1011(6)
10055       401      0    hit      7      6     13  0.46153846      401(13),402(7),c01(3),c02(12),c11(11),1011(6)
40456      1011      0    hit      8      6     14  0.42857143      401(13),402(7),c01(3),c02(12),c11(11),1011(14)
Andrew S. Clark
16 6 -1 lru on ../memory-small.txt 
memory accesses: 14
hits: 8
misses: 6
miss ratio: 0.42857143
